0
4000
8000
12000
16000
20000
24000
28000
32000
36000
40000
44000
48000
52000
56000
60000
64000
68000
72000
76000
80000
84000
88000
92000
96000
100000
104000
108000
112000
116000
120000
124000
128000
132000
136000
140000
144000
148000
152000
156000
160000
164000
168000
172000
176000
180000
184000
188000
192000
196000
200000
204000
208000
212000
216000
220000
224000
228000
232000
236000
240000
244000
248000
252000
256000
260000
264000
268000
272000
276000
280000
284000
288000
292000
296000
300000
304000
308000
312000
316000
320000
324000
328000
332000
336000
340000
344000
348000
352000
356000
360000
364000
368000
372000
376000
380000
384000
388000
392000
396000
400000
404000
408000
412000
416000
420000
424000
428000
432000
436000
440000
444000
448000
452000
456000
460000
464000
468000
472000
476000
480000
484000
488000
492000
496000
500000
504000
508000
512000
516000
520000
524000
528000
532000
536000
540000
544000
548000
552000
556000
560000
564000
568000
572000
576000
580000
584000
588000
592000
596000
600000
604000
608000
612000
616000
620000
624000
628000
632000
636000
640000
644000
648000
652000
656000
660000
664000
668000
672000
676000
680000
684000
688000
692000
696000
700000
704000
708000
712000
716000
720000
724000
728000
732000
736000
740000
744000
748000
752000
756000
760000
764000
768000
772000
776000
780000
784000
788000
792000
796000
800000
796000
792000
788000
784000
780000
776000
772000
768000
764000
760000
756000
752000
748000
744000
740000
736000
732000
728000
724000
720000
716000
712000
708000
704000
700000
696000
692000
688000
684000
680000
676000
672000
668000
664000
660000
656000
652000
648000
644000
640000
636000
632000
628000
624000
620000
616000
612000
608000
604000
600000
596000
592000
588000
584000
580000
576000
572000
568000
564000
560000
556000
552000
548000
544000
540000
536000
532000
528000
524000
520000
516000
512000
508000
504000
500000
496000
492000
488000
484000
480000
476000
472000
468000
464000
460000
456000
452000
448000
444000
440000
436000
432000
428000
424000
420000
416000
412000
408000
404000
400000
396000
392000
388000
384000
380000
376000
372000
368000
364000
360000
356000
352000
348000
344000
340000
336000
332000
328000
324000
320000
316000
312000
308000
304000
300000
296000
292000
288000
284000
280000
276000
272000
268000
264000
260000
256000
252000
248000
244000
240000
236000
232000
228000
224000
220000
216000
212000
208000
204000
200000
196000
192000
188000
184000
180000
176000
172000
168000
164000
160000
156000
152000
148000
144000
140000
136000
132000
128000
124000
120000
116000
112000
108000
104000
100000
96000
92000
88000
84000
80000
76000
72000
68000
64000
60000
56000
52000
48000
44000
40000
36000
32000
28000
24000
20000
16000
12000
8000
4000
0
-4000
-8000
-12000
-16000
-20000
-24000
-28000
-32000
-36000
-40000
-44000
-48000
-52000
-56000
-60000
-64000
-68000
-72000
-76000
-80000
-84000
-88000
-92000
-96000
-100000
-104000
-108000
-112000
-116000
-120000
-124000
-128000
-132000
-136000
-140000
-144000
-148000
-152000
-156000
-160000
-164000
-168000
-172000
-176000
-180000
-184000
-188000
-192000
-196000
-200000
-204000
-208000
-212000
-216000
-220000
-224000
-228000
-232000
-236000
-240000
-244000
-248000
-252000
-256000
-260000
-264000
-268000
-272000
-276000
-280000
-284000
-288000
-292000
-296000
-300000
-304000
-308000
-312000
-316000
-320000
-324000
-328000
-332000
-336000
-340000
-344000
-348000
-352000
-356000
-360000
-364000
-368000
-372000
-376000
-380000
-384000
-388000
-392000
-396000
-400000
-404000
-408000
-412000
-416000
-420000
-424000
-428000
-432000
-436000
-440000
-444000
-448000
-452000
-456000
-460000
-464000
-468000
-472000
-476000
-480000
-484000
-488000
-492000
-496000
-500000
-504000
-508000
-512000
-516000
-520000
-524000
-528000
-532000
-536000
-540000
-544000
-548000
-552000
-556000
-560000
-564000
-568000
-572000
-576000
-580000
-584000
-588000
-592000
-596000
-600000
-604000
-608000
-612000
-616000
-620000
-624000
-628000
-632000
-636000
-640000
-644000
-648000
-652000
-656000
-660000
-664000
-668000
-672000
-676000
-680000
-684000
-688000
-692000
-696000
-700000
-704000
-708000
-712000
-716000
-720000
-724000
-728000
-732000
-736000
-740000
-744000
-748000
-752000
-756000
-760000
-764000
-768000
-772000
-776000
-780000
-784000
-788000
-792000
-796000
-800000
-796000
-792000
-788000
-784000
-780000
-776000
-772000
-768000
-764000
-760000
-756000
-752000
-748000
-744000
-740000
-736000
-732000
-728000
-724000
-720000
-716000
-712000
-708000
-704000
-700000
-696000
-692000
-688000
-684000
-680000
-676000
-672000
-668000
-664000
-660000
-656000
-652000
-648000
-644000
-640000
-636000
-632000
-628000
-624000
-620000
-616000
-612000
-608000
-604000
-600000
-596000
-592000
-588000
-584000
-580000
-576000
-572000
-568000
-564000
-560000
-556000
-552000
-548000
-544000
-540000
-536000
-532000
-528000
-524000
-520000
-516000
-512000
-508000
-504000
-500000
-496000
-492000
-488000
-484000
-480000
-476000
-472000
-468000
-464000
-460000
-456000
-452000
-448000
-444000
-440000
-436000
-432000
-428000
-424000
-420000
-416000
-412000
-408000
-404000
-400000
-396000
-392000
-388000
-384000
-380000
-376000
-372000
-368000
-364000
-360000
-356000
-352000
-348000
-344000
-340000
-336000
-332000
-328000
-324000
-320000
-316000
-312000
-308000
-304000
-300000
-296000
-292000
-288000
-284000
-280000
-276000
-272000
-268000
-264000
-260000
-256000
-252000
-248000
-244000
-240000
-236000
-232000
-228000
-224000
-220000
-216000
-212000
-208000
-204000
-200000
-196000
-192000
-188000
-184000
-180000
-176000
-172000
-168000
-164000
-160000
-156000
-152000
-148000
-144000
-140000
-136000
-132000
-128000
-124000
-120000
-116000
-112000
-108000
-104000
-100000
-96000
-92000
-88000
-84000
-80000
-76000
-72000
-68000
-64000
-60000
-56000
-52000
-48000
-44000
-40000
-36000
-32000
-28000
-24000
-20000
-16000
-12000
-8000
-4000
0
4000
8000
12000
16000
20000
24000
28000
32000
36000
40000
44000
48000
52000
56000
60000
64000
68000
72000
76000
80000
84000
88000
92000
96000
100000
104000
108000
112000
116000
120000
124000
128000
132000
136000
140000
144000
148000
152000
156000
160000
164000
168000
172000
176000
180000
184000
188000
192000
196000
200000
204000
208000
212000
216000
220000
224000
228000
232000
236000
240000
244000
248000
252000
256000
260000
264000
268000
272000
276000
280000
284000
288000
292000
296000
300000
304000
308000
312000
316000
320000
324000
328000
332000
336000
340000
344000
348000
352000
356000
360000
364000
368000
372000
376000
380000
384000
388000
392000
396000
400000
404000
408000
412000
416000
420000
424000
428000
432000
436000
440000
444000
448000
452000
456000
460000
464000
468000
472000
476000
480000
484000
488000
492000
496000
500000
504000
508000
512000
516000
520000
524000
528000
532000
536000
540000
544000
548000
552000
556000
560000
564000
568000
572000
576000
580000
584000
588000
592000
596000
600000
604000
608000
612000
616000
620000
624000
628000
632000
636000
640000
644000
648000
652000
656000
660000
664000
668000
672000
676000
680000
684000
688000
692000
696000
700000
704000
708000
712000
716000
720000
724000
728000
732000
736000
740000
744000
748000
752000
756000
760000
764000
768000
772000
776000
780000
784000
788000
792000
796000
800000
796000
792000
788000
784000
780000
776000
772000
768000
764000
760000
756000
752000
748000
744000
740000
736000
732000
728000
724000
720000
716000
712000
708000
704000
700000
696000
692000
688000
684000
680000
676000
672000
668000
664000
660000
656000
652000
648000
644000
640000
636000
632000
628000
624000
620000
616000
612000
608000
604000
600000
596000
592000
588000
584000
580000
576000
572000
568000
564000
560000
556000
552000
548000
544000
540000
536000
532000
528000
524000
520000
516000
512000
508000
504000
500000
496000
492000
488000
484000
480000
476000
472000
468000
464000
460000
456000
452000
448000
444000
440000
436000
432000
428000
424000
420000
416000
412000
408000
404000
400000
396000
392000
388000
384000
380000
376000
372000
368000
364000
360000
356000
352000
348000
344000
340000
336000
332000
328000
324000
320000
316000
312000
308000
304000
300000
296000
292000
288000
284000
280000
276000
272000
268000
264000
260000
256000
252000
248000
244000
240000
236000
232000
228000
224000
220000
216000
212000
208000
204000
200000
196000
192000
188000
184000
180000
176000
172000
168000
164000
160000
156000
152000
148000
144000
140000
136000
132000
128000
124000
120000
116000
112000
108000
104000
100000
96000
92000
88000
84000
80000
76000
72000
68000
64000
60000
56000
52000
48000
44000
40000
36000
32000
28000
24000
20000
16000
12000
8000
4000
0
-4000
-8000
-12000
-16000
-20000
-24000
-28000
-32000
-36000
-40000
-44000
-48000
-52000
-56000
-60000
-64000
-68000
-72000
-76000
-80000
-84000
-88000
-92000
-96000
-100000
-104000
-108000
-112000
-116000
-120000
-124000
-128000
-132000
-136000
-140000
-144000
-148000
-152000
-156000
-160000
-164000
-168000
-172000
-176000
-180000
-184000
-188000
-192000
-196000
-200000
-204000
-208000
-212000
-216000
-220000
-224000
-228000
-232000
-236000
-240000
-244000
-248000
-252000
-256000
-260000
-264000
-268000
-272000
-276000
-280000
-284000
-288000
-292000
-296000
-300000
-304000
-308000
-312000
-316000
-320000
-324000
-328000
-332000
-336000
-340000
-344000
-348000
-352000
-356000
-360000
-364000
-368000
-372000
-376000
-380000
-384000
-388000
-392000
-396000
-400000
-404000
-408000
-412000
-416000
-420000
-424000
-428000
-432000
-436000
-440000
-444000
-448000
-452000
-456000
-460000
-464000
-468000
-472000
-476000
-480000
-484000
-488000
-492000
-496000
-500000
-504000
-508000
-512000
-516000
-520000
-524000
-528000
-532000
-536000
-540000
-544000
-548000
-552000
-556000
-560000
-564000
-568000
-572000
-576000
-580000
-584000
-588000
-592000
-596000
-600000
-604000
-608000
-612000
-616000
-620000
-624000
-628000
-632000
-636000
-640000
-644000
-648000
-652000
-656000
-660000
-664000
-668000
-672000
-676000
-680000
-684000
-688000
-692000
-696000
-700000
-704000
-708000
-712000
-716000
-720000
-724000
-728000
-732000
-736000
-740000
-744000
-748000
-752000
-756000
-760000
-764000
-768000
-772000
-776000
-780000
-784000
-788000
-792000
-796000
-800000
-796000
-792000
-788000
-784000
-780000
-776000
-772000
-768000
-764000
-760000
-756000
-752000
-748000
-744000
-740000
-736000
-732000
-728000
-724000
-720000
-716000
-712000
-708000
-704000
-700000
-696000
-692000
-688000
-684000
-680000
-676000
-672000
-668000
-664000
-660000
-656000
-652000
-648000
-644000
-640000
-636000
-632000
-628000
-624000
-620000
-616000
-612000
-608000
-604000
-600000
-596000
-592000
-588000
-584000
-580000
-576000
-572000
-568000
-564000
-560000
-556000
-552000
-548000
-544000
-540000
-536000
-532000
-528000
-524000
-520000
-516000
-512000
-508000
-504000
-500000
-496000
-492000
-488000
-484000
-480000
-476000
-472000
-468000
-464000
-460000
-456000
-452000
-448000
-444000
-440000
-436000
-432000
-428000
-424000
-420000
-416000
-412000
-408000
-404000
-400000
-396000
-392000
-388000
-384000
-380000
-376000
-372000
-368000
-364000
-360000
-356000
-352000
-348000
-344000
-340000
-336000
-332000
-328000
-324000
-320000
-316000
-312000
-308000
-304000
-300000
-296000
-292000
-288000
-284000
-280000
-276000
-272000
-268000
-264000
-260000
-256000
-252000
-248000
-244000
-240000
-236000
-232000
-228000
-224000
-220000
-216000
-212000
-208000
-204000
-200000
-196000
-192000
-188000
-184000
-180000
-176000
-172000
-168000
-164000
-160000
-156000
-152000
-148000
-144000
-140000
-136000
-132000
-128000
-124000
-120000
-116000
-112000
-108000
-104000
-100000
-96000
-92000
-88000
-84000
-80000
-76000
-72000
-68000
-64000
-60000
-56000
-52000
-48000
-44000
-40000
-36000
-32000
-28000
-24000
-20000
-16000
-12000
-8000
-4000
0
4000
8000
12000
16000
20000
24000
28000
32000
36000
40000
44000
48000
52000
56000
60000
64000
68000
72000
76000
80000
84000
88000
92000
96000
100000
104000
108000
112000
116000
120000
124000
128000
132000
136000
140000
144000
148000
152000
156000
160000
164000
168000
172000
176000
180000
184000
188000
192000
196000
200000
204000
208000
212000
216000
220000
224000
228000
232000
236000
240000
244000
248000
252000
256000
260000
264000
268000
272000
276000
280000
284000
288000
292000
296000
300000
304000
308000
312000
316000
320000
324000
328000
332000
336000
340000
344000
348000
352000
356000
360000
364000
368000
372000
376000
380000
384000
388000
392000
396000
400000
404000
408000
412000
416000
420000
424000
428000
432000
436000
440000
444000
448000
452000
456000
460000
464000
468000
472000
476000
480000
484000
488000
492000
496000
500000
504000
508000
512000
516000
520000
524000
528000
532000
536000
540000
544000
548000
552000
556000
560000
564000
568000
572000
576000
580000
584000
588000
592000
596000
600000
604000
608000
612000
616000
620000
624000
628000
632000
636000
640000
644000
648000
652000
656000
660000
664000
668000
672000
676000
680000
684000
688000
692000
696000
700000
704000
708000
712000
716000
720000
724000
728000
732000
736000
740000
744000
748000
752000
756000
760000
764000
768000
772000
776000
780000
784000
788000
792000
796000
800000
796000
792000
788000
784000
780000
776000
772000
768000
764000
760000
756000
752000
748000
744000
740000
736000
732000
728000
724000
720000
716000
712000
708000
704000
700000
696000
692000
688000
684000
680000
676000
672000
668000
664000
660000
656000
652000
648000
644000
640000
636000
632000
628000
624000
620000
616000
612000
608000
604000
600000
596000
592000
588000
584000
580000
576000
572000
568000
564000
560000
556000
552000
548000
544000
540000
536000
532000
528000
524000
520000
516000
512000
508000
504000
500000
496000
492000
488000
484000
480000
476000
472000
468000
464000
460000
456000
452000
448000
444000
440000
436000
432000
428000
424000
420000
416000
412000
408000
404000
400000
396000
392000
388000
384000
380000
376000
372000
368000
364000
360000
356000
352000
348000
344000
340000
336000
332000
328000
324000
320000
316000
312000
308000
304000
300000
296000
292000
288000
284000
280000
276000
272000
268000
264000
260000
256000
252000
248000
244000
240000
236000
232000
228000
224000
220000
216000
212000
208000
204000
200000
196000
192000
188000
184000
180000
176000
172000
168000
164000
160000
156000
152000
148000
144000
140000
136000
132000
128000
124000
120000
116000
112000
108000
104000
100000
96000
92000
88000
84000
80000
76000
72000
68000
64000
60000
56000
52000
48000
44000
40000
36000
32000
28000
24000
20000
16000
12000
8000
4000
0
-4000
-8000
-12000
-16000
-20000
-24000
-28000
-32000
-36000
-40000
-44000
-48000
-52000
-56000
-60000
-64000
-68000
-72000
-76000
-80000
-84000
-88000
-92000
-96000
-100000
-104000
-108000
-112000
-116000
-120000
-124000
-128000
-132000
-136000
-140000
-144000
-148000
-152000
-156000
-160000
-164000
-168000
-172000
-176000
-180000
-184000
-188000
-192000
-196000
-200000
-204000
-208000
-212000
-216000
-220000
-224000
-228000
-232000
-236000
-240000
-244000
-248000
-252000
-256000
-260000
-264000
-268000
-272000
-276000
-280000
-284000
-288000
-292000
-296000
-300000
-304000
-308000
-312000
-316000
-320000
-324000
-328000
-332000
-336000
-340000
-344000
-348000
-352000
-356000
-360000
-364000
-368000
-372000
-376000
-380000
-384000
-388000
-392000
-396000
-400000
-404000
-408000
-412000
-416000
-420000
-424000
-428000
-432000
-436000
-440000
-444000
-448000
-452000
-456000
-460000
-464000
-468000
-472000
-476000
-480000
-484000
-488000
-492000
-496000
-500000
-504000
-508000
-512000
-516000
-520000
-524000
-528000
-532000
-536000
-540000
-544000
-548000
-552000
-556000
-560000
-564000
-568000
-572000
-576000
-580000
-584000
-588000
-592000
-596000
-600000
-604000
-608000
-612000
-616000
-620000
-624000
-628000
-632000
-636000
-640000
-644000
-648000
-652000
-656000
-660000
-664000
-668000
-672000
-676000
-680000
-684000
-688000
-692000
-696000
-700000
-704000
-708000
-712000
-716000
-720000
-724000
-728000
-732000
-736000
-740000
-744000
-748000
-752000
-756000
-760000
-764000
-768000
-772000
-776000
-780000
-784000
-788000
-792000
-796000
-800000
-796000
-792000
-788000
-784000
-780000
-776000
-772000
-768000
-764000
-760000
-756000
-752000
-748000
-744000
-740000
-736000
-732000
-728000
-724000
-720000
-716000
-712000
-708000
-704000
-700000
-696000
-692000
-688000
-684000
-680000
-676000
-672000
-668000
-664000
-660000
-656000
-652000
-648000
-644000
-640000
-636000
-632000
-628000
-624000
-620000
-616000
-612000
-608000
-604000
-600000
-596000
-592000
-588000
-584000
-580000
-576000
-572000
-568000
-564000
-560000
-556000
-552000
-548000
-544000
-540000
-536000
-532000
-528000
-524000
-520000
-516000
-512000
-508000
-504000
-500000
-496000
-492000
-488000
-484000
-480000
-476000
-472000
-468000
-464000
-460000
-456000
-452000
-448000
-444000
-440000
-436000
-432000
-428000
-424000
-420000
-416000
-412000
-408000
-404000
-400000
-396000
-392000
-388000
-384000
-380000
-376000
-372000
-368000
-364000
-360000
-356000
-352000
-348000
-344000
-340000
-336000
-332000
-328000
-324000
-320000
-316000
-312000
-308000
-304000
-300000
-296000
-292000
-288000
-284000
-280000
-276000
-272000
-268000
-264000
-260000
-256000
-252000
-248000
-244000
-240000
-236000
-232000
-228000
-224000
-220000
-216000
-212000
-208000
-204000
-200000
-196000
-192000
-188000
-184000
-180000
-176000
-172000
-168000
-164000
-160000
-156000
-152000
-148000
-144000
-140000
-136000
-132000
-128000
-124000
-120000
-116000
-112000
-108000
-104000
-100000
-96000
-92000
-88000
-84000
-80000
-76000
-72000
-68000
-64000
-60000
-56000
-52000
-48000
-44000
-40000
-36000
-32000
-28000
-24000
-20000
-16000
-12000
-8000
-4000
0
4000
8000
12000
16000
20000
24000
28000
32000
36000
40000
44000
48000
52000
56000
60000
64000
68000
72000
76000
80000
84000
88000
92000
96000
100000
104000
108000
112000
116000
120000
124000
128000
132000
136000
140000
144000
148000
152000
156000
160000
164000
168000
172000
176000
180000
184000
188000
192000
196000
200000
204000
208000
212000
216000
220000
224000
228000
232000
236000
240000
244000
248000
252000
256000
260000
264000
268000
272000
276000
280000
284000
288000
292000
296000
300000
304000
308000
312000
316000
320000
324000
328000
332000
336000
340000
344000
348000
352000
356000
360000
364000
368000
372000
376000
380000
384000
388000
392000
396000
400000
404000
408000
412000
416000
420000
424000
428000
432000
436000
440000
444000
448000
452000
456000
460000
464000
468000
472000
476000
480000
484000
488000
492000
496000
500000
504000
508000
512000
516000
520000
524000
528000
532000
536000
540000
544000
548000
552000
556000
560000
564000
568000
572000
576000
580000
584000
588000
592000
596000
600000
604000
608000
612000
616000
620000
624000
628000
632000
636000
640000
644000
648000
652000
656000
660000
664000
668000
672000
676000
680000
684000
688000
692000
696000
700000
704000
708000
712000
716000
720000
724000
728000
732000
736000
740000
744000
748000
752000
756000
760000
764000
768000
772000
776000
780000
784000
788000
792000
796000
800000
796000
792000
788000
784000
780000
776000
772000
768000
764000
760000
756000
752000
748000
744000
740000
736000
732000
728000
724000
720000
716000
712000
708000
704000
700000
696000
692000
688000
684000
680000
676000
672000
668000
664000
660000
656000
652000
648000
644000
640000
636000
632000
628000
624000
620000
616000
612000
608000
604000
600000
596000
592000
588000
584000
580000
576000
572000
568000
564000
560000
556000
552000
548000
544000
540000
536000
532000
528000
524000
520000
516000
512000
508000
504000
500000
496000
492000
488000
484000
480000
476000
472000
468000
464000
460000
456000
452000
448000
444000
440000
436000
432000
428000
424000
420000
416000
412000
408000
404000
400000
396000
392000
388000
384000
380000
376000
372000
368000
364000
360000
356000
352000
348000
344000
340000
336000
332000
328000
324000
320000
316000
312000
308000
304000
300000
296000
292000
288000
284000
280000
276000
272000
268000
264000
260000
256000
252000
248000
244000
240000
236000
232000
228000
224000
220000
216000
212000
208000
204000
200000
196000
192000
188000
184000
180000
176000
172000
168000
164000
160000
156000
152000
148000
144000
140000
136000
132000
128000
124000
120000
116000
112000
108000
104000
100000
96000
92000
88000
84000
80000
76000
72000
68000
64000
60000
56000
52000
48000
44000
40000
36000
32000
28000
24000
20000
16000
12000
8000
4000
0
-4000
-8000
-12000
-16000
-20000
-24000
-28000
-32000
-36000
-40000
-44000
-48000
-52000
-56000
-60000
-64000
-68000
-72000
-76000
-80000
-84000
-88000
-92000
-96000
-100000
-104000
-108000
-112000
-116000
-120000
-124000
-128000
-132000
-136000
-140000
-144000
-148000
-152000
-156000
-160000
-164000
-168000
-172000
-176000
-180000
-184000
-188000
-192000
-196000
-200000
-204000
-208000
-212000
-216000
-220000
-224000
-228000
-232000
-236000
-240000
-244000
-248000
-252000
-256000
-260000
-264000
-268000
-272000
-276000
-280000
-284000
-288000
-292000
-296000
-300000
-304000
-308000
-312000
-316000
-320000
-324000
-328000
-332000
-336000
-340000
-344000
-348000
-352000
-356000
-360000
-364000
-368000
-372000
-376000
-380000
-384000
-388000
-392000
-396000
-400000
-404000
-408000
-412000
-416000
-420000
-424000
-428000
-432000
-436000
-440000
-444000
-448000
-452000
-456000
-460000
-464000
-468000
-472000
-476000
-480000
-484000
-488000
-492000
-496000
-500000
-504000
-508000
-512000
-516000
-520000
-524000
-528000
-532000
-536000
-540000
-544000
-548000
-552000
-556000
-560000
-564000
-568000
-572000
-576000
-580000
-584000
-588000
-592000
-596000
-600000
-604000
-608000
-612000
-616000
-620000
-624000
-628000
-632000
-636000
-640000
-644000
-648000
-652000
-656000
-660000
-664000
-668000
-672000
-676000
-680000
-684000
-688000
-692000
-696000
-700000
-704000
-708000
-712000
-716000
-720000
-724000
-728000
-732000
-736000
-740000
-744000
-748000
-752000
-756000
-760000
-764000
-768000
-772000
-776000
-780000
-784000
-788000
-792000
-796000
-800000
-796000
-792000
-788000
-784000
-780000
-776000
-772000
-768000
-764000
-760000
-756000
-752000
-748000
-744000
-740000
-736000
-732000
-728000
-724000
-720000
-716000
-712000
-708000
-704000
-700000
-696000
-692000
-688000
-684000
-680000
-676000
-672000
-668000
-664000
-660000
-656000
-652000
-648000
-644000
-640000
-636000
-632000
-628000
-624000
-620000
-616000
-612000
-608000
-604000
-600000
-596000
-592000
-588000
-584000
-580000
-576000
-572000
-568000
-564000
-560000
-556000
-552000
-548000
-544000
-540000
-536000
-532000
-528000
-524000
-520000
-516000
-512000
-508000
-504000
-500000
-496000
-492000
-488000
-484000
-480000
-476000
-472000
-468000
-464000
-460000
-456000
-452000
-448000
-444000
-440000
-436000
-432000
-428000
-424000
-420000
-416000
-412000
-408000
-404000
-400000
-396000
-392000
-388000
-384000
-380000
-376000
-372000
-368000
-364000
-360000
-356000
-352000
-348000
-344000
-340000
-336000
-332000
-328000
-324000
-320000
-316000
-312000
-308000
-304000
-300000
-296000
-292000
-288000
-284000
-280000
-276000
-272000
-268000
-264000
-260000
-256000
-252000
-248000
-244000
-240000
-236000
-232000
-228000
-224000
-220000
-216000
-212000
-208000
-204000
-200000
-196000
-192000
-188000
-184000
-180000
-176000
-172000
-168000
-164000
-160000
-156000
-152000
-148000
-144000
-140000
-136000
-132000
-128000
-124000
-120000
-116000
-112000
-108000
-104000
-100000
-96000
-92000
-88000
-84000
-80000
-76000
-72000
-68000
-64000
-60000
-56000
-52000
-48000
-44000
-40000
-36000
-32000
-28000
-24000
-20000
-16000
-12000
-8000
-4000