0
20109
40218
63286
76297
90490
104090
116520
127750
141350
152000
164420
175660
202270
220020
235390
251370
266150
251370
230070
214100
197540
180980
164420
124200
92856
63878
39627
21883
1182.9
-18926
-40810
-60328
-86349
-113560
-127160
-152000
-165010
-182750
-216470
-229480
-238940
-251370
-256090
-260230
-261420
-256690
-247820
-241310
-233620
-227110
-220020
-198720
-172700
-146090
-125380
-101140
-53229
-28980
-47313
21883
31938
53821
73930
90490
110010
127750
154960
184530
209370
232440
254320
279160
301050
321150
334760
347180
354270
366100
373790
378520
385030
385620
382670
373790
361370
348950
317010
272650
256690
238350
216470
197540
181570
160870
140760
119470
92856
68606
44358
13603
0
-13603
-26615
-40218
-60328
-75113
-88715
-115330
-133670
-153780
-183350
-211740
-231260
-248410
-263780
-286260
-301640
-315240
-327070
-336530
-342450
-347770
-352500
-359600
-364920
-368470
-371430
-370830
-367880
-361960
-344810
-325300
-299860
-270290
-245450
-222970
-182160
-159690
-138400
-118880
-98181
-72747
-44951
-19518
5914.5
30755
62103
76297
87532
101140
115920
133080
150230
169150
187490
204050
221790
241900
258460
275020
304000
306370
290400
276790
246040
225340
207010
186300
156140
137220
121840
104680
50271
26023
11237
-65061
-20701
-40810
-53229
-72155
-90490
-108230
-137810
-161460
-183940
-204640
-222380
-237170
-255500
-275610
-292760
-309910
-326480
-337120
-345400
-351910
-356050
-359600
-345400
-328840
-310510
-293950
-274430
-255500
-234210
-212920
-193400
-165600
-146680
-128930
-110010
-90490
-69198
-43767
-23066
59145
28389
44358
57962
70972
81621
94631
105280
114740
126570
137810
153780
171520
186900
208780
231260
255500
278570
298090
317600
341260
356640
369060
377340
380300
382670
381480
374980
366690
350720
325300
309320
294540
279160
263190
249000
234800
220020
201680
190450
176250
163240
149640
117700
88124
49680
26615
11237
-59145
-27206
-46722
-63286
-73339
-79846
-95223
-101730
-116520
-128930
-144310
-166790
-179210
-196360
-209960
-227710
-243670
-276790
-293950
-308730
-319970
-332980
-345400
-355460
-360190
-364920
-369060
-374980
-378520
-380890
-382670
-383840
-380890
-372020
-347770
-312870
-290990
-266740
-243670
-220020
-195770
-162050
-123020
-105870
-87532
-68606
-46135
-27798
-59145
10646
33121
46135
57962
66240
83396
99364
112970
127750
144900
157330
172700
197540
222970
240720
260830
283890
300450
312870
325890
336530
344810
354870
360190
361960
361960
354270
321750
299860
280940
267330
246040
227110
212330
196950
183350
168560
152000
124200
86349
41401
18926
2957.2
-15969
-29572
-44358
-56779
-67423
-78663
-89307
-101140
-114150
-127160
-141940
-155550
-171520
-188670
-204050
-223570
-254910
-264380
-276790
-289220
-302230
-312870
-322340
-331210
-338900
-347770
-353680
-359600
-362560
-364330
-356050
-333570
-318790
-297500
-282120
-262010
-243670
-223570
-204640
-187490
-164420
-140760
-117700
-96998
-78071
-60328
-35487
-18926
0
20109
36669
49680
63286
71564
92856
104680
115920
124790
137810
162050
181570
202270
224160
246040
260230
274430
295720
308140
319380
338310
350720
357820
363150
369060
373200
376750
380300
380890
382670
385620
384440
383250
374980
362560
351320
341260
304000
270290
235390
212330
188670
167380
149040
31346
-47313
-21292
-35487
-47905
-66240
-76297
-88715
-99364
-108820
-123020
-135440
-151410
-173290
-194590
-209370
-221790
-234210
-250180
-263780
-278570
-294540
-306960
-318790
-332980
-343040
-349540
-352500
-359010
-363740
-367880
-373790
-375570
-377340
-377340
-372610
-366100
-341860
-317600
-294540
-274430
-247820
-228890
-207010
-189260
-169740
-149640
-128930
-113560
-98181
-79846
-64469
-46722
-30755
-17152
0
39627
54412
66831
87532
98772
107050
115920
128930
138990
148450
160280
172110
185710
197540
217060
236580
254910
272060
288630
304590
321750
332980
342450
350720
357230
360190
361960
361960
348950
324110
306960
287440
267930
248410
220020
193400
26615
-82804
-23066
-35487
-49088
-57370
-65061
-74522
-86349
-129530
-140760
-149640
-159690
-171520
-186900
-204640
-218830
-232440
-248410
-275020
-288030
-302230
-315240
-324700
-334160
-343630
-354270
-358420
-362560
-363150
-363150
-357820
-348950
-339490
-303410
-285080
-257870
-231260
-205230
-167970
-149040
-127750
-105870
-87532
-65648
-24249
-70972
2365.8