0
20.109
40.218
63.286
76.297
90.49
104.09
116.52
127.75
141.35
152
164.42
175.66
202.27
220.02
235.39
251.37
266.15
251.37
230.07
214.1
197.54
180.98
164.42
124.2
92.856
63.878
39.627
21.883
1.1829
-18.926
-40.81
-60.328
-86.349
-113.56
-127.16
-152
-165.01
-182.75
-216.47
-229.48
-238.94
-251.37
-256.09
-260.23
-261.42
-256.69
-247.82
-241.31
-233.62
-227.11
-220.02
-198.72
-172.7
-146.09
-125.38
-101.14
-53.229
-28.98
-47.313
21.883
31.938
53.821
73.93
90.49
110.01
127.75
154.96
184.53
209.37
232.44
254.32
279.16
301.05
321.15
334.76
347.18
354.27
366.1
373.79
378.52
385.03
385.62
382.67
373.79
361.37
348.95
317.01
272.65
256.69
238.35
216.47
197.54
181.57
160.87
140.76
119.47
92.856
68.606
44.358
13.603
0
-13.603
-26.615
-40.218
-60.328
-75.113
-88.715
-115.33
-133.67
-153.78
-183.35
-211.74
-231.26
-248.41
-263.78
-286.26
-301.64
-315.24
-327.07
-336.53
-342.45
-347.77
-352.5
-359.6
-364.92
-368.47
-371.43
-370.83
-367.88
-361.96
-344.81
-325.3
-299.86
-270.29
-245.45
-222.97
-182.16
-159.69
-138.4
-118.88
-98.181
-72.747
-44.951
-19.518
5.9145
30.755
62.103
76.297
87.532
101.14
115.92
133.08
150.23
169.15
187.49
204.05
221.79
241.9
258.46
275.02
304
306.37
290.4
276.79
246.04
225.34
207.01
186.3
156.14
137.22
121.84
104.68
50.271
26.023
11.237
-65.061
-20.701
-40.81
-53.229
-72.155
-90.49
-108.23
-137.81
-161.46
-183.94
-204.64
-222.38
-237.17
-255.5
-275.61
-292.76
-309.91
-326.48
-337.12
-345.4
-351.91
-356.05
-359.6
-345.4
-328.84
-310.51
-293.95
-274.43
-255.5
-234.21
-212.92
-193.4
-165.6
-146.68
-128.93
-110.01
-90.49
-69.198
-43.767
-23.066
59.145
28.389
44.358
57.962
70.972
81.621
94.631
105.28
114.74
126.57
137.81
153.78
171.52
186.9
208.78
231.26
255.5
278.57
298.09
317.6
341.26
356.64
369.06
377.34
380.3
382.67
381.48
374.98
366.69
350.72
325.3
309.32
294.54
279.16
263.19
249
234.8
220.02
201.68
190.45
176.25
163.24
149.64
117.7
88.124
49.68
26.615
11.237
-59.145
-27.206
-46.722
-63.286
-73.339
-79.846
-95.223
-101.73
-116.52
-128.93
-144.31
-166.79
-179.21
-196.36
-209.96
-227.71
-243.67
-276.79
-293.95
-308.73
-319.97
-332.98
-345.4
-355.46
-360.19
-364.92
-369.06
-374.98
-378.52
-380.89
-382.67
-383.84
-380.89
-372.02
-347.77
-312.87
-290.99
-266.74
-243.67
-220.02
-195.77
-162.05
-123.02
-105.87
-87.532
-68.606
-46.135
-27.798
-59.145
10.646
33.121
46.135
57.962
66.24
83.396
99.364
112.97
127.75
144.9
157.33
172.7
197.54
222.97
240.72
260.83
283.89
300.45
312.87
325.89
336.53
344.81
354.87
360.19
361.96
361.96
354.27
321.75
299.86
280.94
267.33
246.04
227.11
212.33
196.95
183.35
168.56
152
124.2
86.349
41.401
18.926
2.9572
-15.969
-29.572
-44.358
-56.779
-67.423
-78.663
-89.307
-101.14
-114.15
-127.16
-141.94
-155.55
-171.52
-188.67
-204.05
-223.57
-254.91
-264.38
-276.79
-289.22
-302.23
-312.87
-322.34
-331.21
-338.9
-347.77
-353.68
-359.6
-362.56
-364.33
-356.05
-333.57
-318.79
-297.5
-282.12
-262.01
-243.67
-223.57
-204.64
-187.49
-164.42
-140.76
-117.7
-96.998
-78.071
-60.328
-35.487
-18.926
0
20.109
36.669
49.68
63.286
71.564
92.856
104.68
115.92
124.79
137.81
162.05
181.57
202.27
224.16
246.04
260.23
274.43
295.72
308.14
319.38
338.31
350.72
357.82
363.15
369.06
373.2
376.75
380.3
380.89
382.67
385.62
384.44
383.25
374.98
362.56
351.32
341.26
304
270.29
235.39
212.33
188.67
167.38
149.04
31.346
-47.313
-21.292
-35.487
-47.905
-66.24
-76.297
-88.715
-99.364
-108.82
-123.02
-135.44
-151.41
-173.29
-194.59
-209.37
-221.79
-234.21
-250.18
-263.78
-278.57
-294.54
-306.96
-318.79
-332.98
-343.04
-349.54
-352.5
-359.01
-363.74
-367.88
-373.79
-375.57
-377.34
-377.34
-372.61
-366.1
-341.86
-317.6
-294.54
-274.43
-247.82
-228.89
-207.01
-189.26
-169.74
-149.64
-128.93
-113.56
-98.181
-79.846
-64.469
-46.722
-30.755
-17.152
0
39.627
54.412
66.831
87.532
98.772
107.05
115.92
128.93
138.99
148.45
160.28
172.11
185.71
197.54
217.06
236.58
254.91
272.06
288.63
304.59
321.75
332.98
342.45
350.72
357.23
360.19
361.96
361.96
348.95
324.11
306.96
287.44
267.93
248.41
220.02
193.4
26.615
-82.804
-23.066
-35.487
-49.088
-57.37
-65.061
-74.522
-86.349
-129.53
-140.76
-149.64
-159.69
-171.52
-186.9
-204.64
-218.83
-232.44
-248.41
-275.02
-288.03
-302.23
-315.24
-324.7
-334.16
-343.63
-354.27
-358.42
-362.56
-363.15
-363.15
-357.82
-348.95
-339.49
-303.41
-285.08
-257.87
-231.26
-205.23
-167.97
-149.04
-127.75
-105.87
-87.532
-65.648
-24.249
-70.972
2.3658