0.000000
1571.991292
3143.291907
4713.211469
6281.060211
7846.149275
9407.791015
10965.299302
12517.989820
14065.180371
15606.191174
17140.345164
18666.968286
20185.389795
21694.942551
23194.963308
24684.793010
26163.777079
27631.265700
29086.614110
30529.182880
31958.338196
33373.452136
34773.902950
36159.075329
37528.360675
38881.157374
40216.871053
41534.914847
42834.709653
44115.684388
45377.276235
46618.930895
47840.102829
49040.255497
50218.861593
51375.403279
52509.372411
53620.270764
54707.610246
55770.913120
56809.712207
57823.551095
58811.984339
59774.577656
60710.908115
61620.564328
62503.146621
63358.267219
64185.550413
64984.632724
65755.163061
66496.802881
67209.226335
67892.120406
68545.185057
69168.133353
69760.691593
70322.599427
70853.609972
71353.489922
71822.019646
72258.993288
72664.218859
73037.518315
73378.727643
73687.696927
73964.290416
74208.386585
74419.878187
74598.672299
74744.690367
74857.868234
74938.156174
74985.518912
74999.935638
74981.400017
74929.920194
74845.518787
74728.232880
74578.114003
74395.228113
74179.655564
73931.491072
73650.843670
73337.836666
72992.607584
72615.308105
72206.104002
71765.175065
71292.715021
70788.931455
70254.045710
69688.292797
69091.921287
68465.193206
67808.383916
67121.781996
66405.689114
65660.419897
64886.301791
64083.674914
63252.891915
62394.317808
61508.329823
60595.317231
59655.681178
58689.834507
57698.201577
56681.218077
55639.330834
54572.997616
53482.686934
52368.877832
51232.059678
50072.731951
48891.404017
47688.594913
46464.833109
45220.656284
43956.611086
42673.252892
41371.145564
40050.861203
38712.979896
37358.089461
35986.785189
34599.669583
33197.352093
31780.448850
30349.582389
28905.381385
27448.480368
25979.519449
24499.144039
23008.004563
21506.756175
19996.058471
18476.575199
16948.973967
15413.925949
13872.105591
12324.190316
10770.860223
9212.797791
7650.687578
6085.215921
4517.070633
2946.940703
1375.515990
-196.513077
-1768.455803
-3339.621531
-4909.319946
-6476.861379
-8041.557104
-9602.719652
-11159.663100
-12711.703383
-14258.158589
-15798.349259
-17331.598687
-18857.233217
-20374.582540
-21882.979984
-23381.762812
-24870.272513
-26347.855086
-27813.861335
-29267.647146
-30708.573778
-32136.008137
-33549.323059
-34947.897584
-36331.117225
-37698.374246
-39049.067920
-40382.604801
-41698.398979
-42995.872340
-44274.454821
-45533.584655
-46772.708627
-47991.282307
-49188.770298
-50364.646466
-51518.394171
-52649.506497
-53757.486473
-54841.847291
-55902.112521
-56937.816320
-57948.503636
-58933.730408
-59893.063761
-60826.082200
-61732.375787
-62611.546329
-63463.207549
-64286.985258
-65082.517516
-65849.454794
-66587.460126
-67296.209260
-67975.390795
-68624.706323
-69243.870558
-69832.611459
-70390.670356
-70917.802056
-71413.774957
-71878.371145
-72311.386493
-72712.630749
-73081.927621
-73419.114851
-73724.044293
-73996.581971
-74236.608141
-74444.017344
-74618.718452
-74760.634707
-74869.703757
-74945.877679
-74989.123007
-74999.420739
-74976.766350
-74921.169796
-74832.655502
-74711.262359
-74557.043703
-74370.067292
-74150.415276
-73898.184164
-73613.484777
-73296.442201
-72947.195734
-72565.898824
-72152.718998
-71707.837792
-71231.450673
-70723.766949
-70185.009677
-69615.415568
-69015.234883
-68384.731320
-67724.181899
-67033.876844
-66314.119450
-65565.225954
-64787.525392
-63981.359460
-63147.082358
-62285.060639
-61395.673044
-60479.310340
-59536.375144
-58567.281749
-57572.455941
-56552.334811
-55507.366565
-54438.010325
-53344.735929
-52228.023723
-51088.364353
-49926.258543
-48742.216883
-47536.759599
-46310.416327
-45063.725880
-43797.236008
-42511.503165
-41207.092255
-39884.576391
-38544.536641
-37187.561771
-35814.247987
-34425.198677
-33021.024140
-31602.341321
-30169.773539
-28723.950215
-27265.506592
-25795.083461
-24313.326873
-22820.887860
-21318.422148
-19806.589867
-18286.055265
-16757.486409
-15221.554901
-13678.935575
-12130.306203
-10576.347199
-9017.741318
-7455.173358
-5889.329855
-4320.898787
-2750.569267
-1179.031244
393.024805
1964.908172
3535.928228
5105.394720
6672.618081
8236.909726
9797.582362
11353.950284
12905.329677
14451.038920
15990.398882
17522.733223
19047.368688
20563.635406
22070.867183
23568.401793
25055.581273
26531.752207
27996.266018
29448.479250
30887.753851
32313.457454
33724.963656
35121.652288
36502.909697
37868.129004
39216.710382
40548.061309
41861.596838
43156.739847
44432.921295
45689.580473
46926.165248
48142.132310
49336.947403
50510.085569
51661.031372
52789.279126
53894.333119
54975.707828
56032.928136
57065.529537
58073.058342
59055.071877
60011.138682
60940.838693
61843.763433
62719.516188
63567.712183
64387.978751
65179.955495
65943.294449
66677.660227
67382.730175
68058.194511
68703.756458
69319.132380
69904.051902
70458.258030
70981.507267
71473.569714
71934.229176
72363.283256
72760.543443
73125.835194
73458.998014
73759.885520
74028.365516
74264.320039
74467.645419
74638.252323
74776.065792
74881.025275
74953.084656
74992.212277
74998.390944
74971.617944
74911.905040
74819.278466
74693.778921
74535.461545
74344.395895
74120.665921
73864.369921
73575.620502
73254.544532
72901.283079
72515.991354
72098.838641
71650.008222
71169.697298
70658.116901
70115.491800
69542.060407
68938.074666
68303.799950
67639.514934
66945.511483
66222.094519
65469.581884
64688.304206
63878.604753
63040.839276
62175.375862
61282.594764
60362.888239
59416.660374
58444.326909
57446.315052
56423.063296
55375.021220
54302.649299
53206.418695
52086.811052
50944.318289
49779.442375
48592.695117
47384.597930
46155.681609
44906.486098
43637.560248
42349.461582
41042.756046
39718.017759
38375.828765
37016.778776
35641.464910
34250.491432
32844.469487
31424.016831
29989.757563
28542.321846
27082.345631
25610.470381
24127.342788
22633.614484
21129.941763
19616.985285
18095.409791
16565.883806
15029.079353
13485.671648
11936.338811
10381.761564
8822.622935
7259.607955
5693.403356
4124.697276
2554.178948
982.538403
-589.533835
-2161.347052
-3732.210649
-5301.434443
-6868.328973
-8432.205799
-9992.377810
-11548.159519
-13098.867371
-14643.820040
-16182.338726
-17713.747460
-19237.373392
-20752.547097
-22258.602859
-23754.878969
-25240.718018
-26715.467179
-28178.478498
-29629.109181
-31066.721870
-32490.684929
-33900.372719
-35295.165871
-36674.451564
-38037.623786
-39384.083608
-40713.239442
-42024.507304
-43317.311068
-44591.082723
-45845.262616
-47079.299707
-48292.651801
-49484.785794
-50655.177905
-51803.313904
-52928.689340
-54030.809763
-55109.190939
-56163.359067
-57192.850980
-58197.214357
-59176.007915
-60128.801606
-61055.176808
-61954.726502
-62827.055457
-63671.780404
-64488.530200
-65276.945993
-66036.681381
-66767.402563
-67468.788486
-68140.530985
-68782.334919
-69393.918304
-69975.012430
-70525.361986
-71044.725166
-71532.873781
-71989.593355
-72414.683222
-72807.956613
-73169.240736
-73498.376856
-73795.220362
-74059.640831
-74291.522087
-74490.762249
-74657.273778
-74790.983514
-74891.832710
-74959.777056
-74994.786701
-74996.846261
-74965.954833
-74902.125988
-74805.387772
-74675.782686
-74513.367676
-74318.214101
-74090.407704
-73830.048575
-73537.251108
-73212.143946
-72854.869932
-72465.586038
-72044.463303
-71591.686752
-71107.455320
-70591.981762
-70045.492558
-69468.227816
-68860.441168
-68222.399652
-67554.383601
-66856.686520
-66129.614951
-65373.488344
-64588.638914
-63775.411498
-62934.163399
-62065.264231
-61169.095759
-60246.051727
-59296.537690
-58320.970829
-57319.779775
-56293.404417
-55242.295708
-54166.915468
-53067.736181
-51945.240788
-50799.922476
-49632.284455
-48442.839747
-47232.110950
-46000.630017
-44748.938018
-43477.584902
-42187.129257
-40878.138065
-39551.186449
-38206.857427
-36845.741649
-35468.437142
-34075.549045
-32667.689345
-31245.476606
-29809.535698
-28360.497524
-26898.998740
-25425.681477
-23941.193061
-22446.185722
-20941.316314
-19427.246026
-17904.640086
-16374.167473
-14836.500625
-13292.315137
-11742.289472
-10187.104656
-8627.443982
-7063.992712
-5497.437771
-3928.467448
-2357.771093
-786.038817
786.038817
2357.771093
3928.467448
5497.437771
7063.992712
8627.443982
10187.104656
11742.289472
13292.315137
14836.500625
16374.167473
17904.640086
19427.246026
20941.316314
22446.185722
23941.193061
25425.681477
26898.998740
28360.497524
29809.535698
31245.476606
32667.689345
34075.549045
35468.437142
36845.741649
38206.857427
39551.186449
40878.138065
42187.129257
43477.584902
44748.938018
46000.630017
47232.110950
48442.839747
49632.284455
50799.922476
51945.240788
53067.736181
54166.915468
55242.295708
56293.404417
57319.779775
58320.970829
59296.537690
60246.051727
61169.095759
62065.264231
62934.163399
63775.411498
64588.638914
65373.488344
66129.614951
66856.686520
67554.383601
68222.399652
68860.441168
69468.227816
70045.492558
70591.981762
71107.455320
71591.686752
72044.463303
72465.586038
72854.869932
73212.143946
73537.251108
73830.048575
74090.407704
74318.214101
74513.367676
74675.782686
74805.387772
74902.125988
74965.954833
74996.846261
74994.786701
74959.777056
74891.832710
74790.983514
74657.273778
74490.762249
74291.522087
74059.640831
73795.220362
73498.376856
73169.240736
72807.956613
72414.683222
71989.593355
71532.873781
71044.725166
70525.361986
69975.012430
69393.918304
68782.334919
68140.530985
67468.788486
66767.402563
66036.681381
65276.945993
64488.530200
63671.780404
62827.055457
61954.726502
61055.176808
60128.801606
59176.007915
58197.214357
57192.850980
56163.359067
55109.190939
54030.809763
52928.689340
51803.313904
50655.177905
49484.785794
48292.651801
47079.299707
45845.262616
44591.082723
43317.311068
42024.507304
40713.239442
39384.083608
38037.623786
36674.451564
35295.165871
33900.372719
32490.684929
31066.721870
29629.109181
28178.478498
26715.467179
25240.718018
23754.878969
22258.602859
20752.547097
19237.373392
17713.747460
16182.338726
14643.820040
13098.867371
11548.159519
9992.377810
8432.205799
6868.328973
5301.434443
3732.210649
2161.347052
589.533835
-982.538403
-2554.178948
-4124.697276
-5693.403356
-7259.607955
-8822.622935
-10381.761564
-11936.338811
-13485.671648
-15029.079353
-16565.883806
-18095.409791
-19616.985285
-21129.941763
-22633.614484
-24127.342788
-25610.470381
-27082.345631
-28542.321846
-29989.757563
-31424.016831
-32844.469487
-34250.491432
-35641.464910
-37016.778776
-38375.828765
-39718.017759
-41042.756046
-42349.461582
-43637.560248
-44906.486098
-46155.681609
-47384.597930
-48592.695117
-49779.442375
-50944.318289
-52086.811052
-53206.418695
-54302.649299
-55375.021220
-56423.063296
-57446.315052
-58444.326909
-59416.660374
-60362.888239
-61282.594764
-62175.375862
-63040.839276
-63878.604753
-64688.304206
-65469.581884
-66222.094519
-66945.511483
-67639.514934
-68303.799950
-68938.074666
-69542.060407
-70115.491800
-70658.116901
-71169.697298
-71650.008222
-72098.838641
-72515.991354
-72901.283079
-73254.544532
-73575.620502
-73864.369921
-74120.665921
-74344.395895
-74535.461545
-74693.778921
-74819.278466
-74911.905040
-74971.617944
-74998.390944
-74992.212277
-74953.084656
-74881.025275
-74776.065792
-74638.252323
-74467.645419
-74264.320039
-74028.365516
-73759.885520
-73458.998014
-73125.835194
-72760.543443
-72363.283256
-71934.229176
-71473.569714
-70981.507267
-70458.258030
-69904.051902
-69319.132380
-68703.756458
-68058.194511
-67382.730175
-66677.660227
-65943.294449
-65179.955495
-64387.978751
-63567.712183
-62719.516188
-61843.763433
-60940.838693
-60011.138682
-59055.071877
-58073.058342
-57065.529537
-56032.928136
-54975.707828
-53894.333119
-52789.279126
-51661.031372
-50510.085569
-49336.947403
-48142.132310
-46926.165248
-45689.580473
-44432.921295
-43156.739847
-41861.596838
-40548.061309
-39216.710382
-37868.129004
-36502.909697
-35121.652288
-33724.963656
-32313.457454
-30887.753851
-29448.479250
-27996.266018
-26531.752207
-25055.581273
-23568.401793
-22070.867183
-20563.635406
-19047.368688
-17522.733223
-15990.398882
-14451.038920
-12905.329677
-11353.950284
-9797.582362
-8236.909726
-6672.618081
-5105.394720
-3535.928228
-1964.908172
-393.024805
1179.031244
2750.569267
4320.898787
5889.329855
7455.173358
9017.741318
10576.347199
12130.306203
13678.935575
15221.554901
16757.486409
18286.055265
19806.589867
21318.422148
22820.887860
24313.326873
25795.083461
27265.506592
28723.950215
30169.773539
31602.341321
33021.024140
34425.198677
35814.247987
37187.561771
38544.536641
39884.576391
41207.092255
42511.503165
43797.236008
45063.725880
46310.416327
47536.759599
48742.216883
49926.258543
51088.364353
52228.023723
53344.735929
54438.010325
55507.366565
56552.334811
57572.455941
58567.281749
59536.375144
60479.310340
61395.673044
62285.060639
63147.082358
63981.359460
64787.525392
65565.225954
66314.119450
67033.876844
67724.181899
68384.731320
69015.234883
69615.415568
70185.009677
70723.766949
71231.450673
71707.837792
72152.718998
72565.898824
72947.195734
73296.442201
73613.484777
73898.184164
74150.415276
74370.067292
74557.043703
74711.262359
74832.655502
74921.169796
74976.766350
74999.420739
74989.123007
74945.877679
74869.703757
74760.634707
74618.718452
74444.017344
74236.608141
73996.581971
73724.044293
73419.114851
73081.927621
72712.630749
72311.386493
71878.371145
71413.774957
70917.802056
70390.670356
69832.611459
69243.870558
68624.706323
67975.390795
67296.209260
66587.460126
65849.454794
65082.517516
64286.985258
63463.207549
62611.546329
61732.375787
60826.082200
59893.063761
58933.730408
57948.503636
56937.816320
55902.112521
54841.847291
53757.486473
52649.506497
51518.394171
50364.646466
49188.770298
47991.282307
46772.708627
45533.584655
44274.454821
42995.872340
41698.398979
40382.604801
39049.067920
37698.374246
36331.117225
34947.897584
33549.323059
32136.008137
30708.573778
29267.647146
27813.861335
26347.855086
24870.272513
23381.762812
21882.979984
20374.582540
18857.233217
17331.598687
15798.349259
14258.158589
12711.703383
11159.663100
9602.719652
8041.557104
6476.861379
4909.319946
3339.621531
1768.455803
196.513077
-1375.515990
-2946.940703
-4517.070633
-6085.215921
-7650.687578
-9212.797791
-10770.860223
-12324.190316
-13872.105591
-15413.925949
-16948.973967
-18476.575199
-19996.058471
-21506.756175
-23008.004563
-24499.144039
-25979.519449
-27448.480368
-28905.381385
-30349.582389
-31780.448850
-33197.352093
-34599.669583
-35986.785189
-37358.089461
-38712.979896
-40050.861203
-41371.145564
-42673.252892
-43956.611086
-45220.656284
-46464.833109
-47688.594913
-48891.404017
-50072.731951
-51232.059678
-52368.877832
-53482.686934
-54572.997616
-55639.330834
-56681.218077
-57698.201577
-58689.834507
-59655.681178
-60595.317231
-61508.329823
-62394.317808
-63252.891915
-64083.674914
-64886.301791
-65660.419897
-66405.689114
-67121.781996
-67808.383916
-68465.193206
-69091.921287
-69688.292797
-70254.045710
-70788.931455
-71292.715021
-71765.175065
-72206.104002
-72615.308105
-72992.607584
-73337.836666
-73650.843670
-73931.491072
-74179.655564
-74395.228113
-74578.114003
-74728.232880
-74845.518787
-74929.920194
-74981.400017
-74999.935638
-74985.518912
-74938.156174
-74857.868234
-74744.690367
-74598.672299
-74419.878187
-74208.386585
-73964.290416
-73687.696927
-73378.727643
-73037.518315
-72664.218859
-72258.993288
-71822.019646
-71353.489922
-70853.609972
-70322.599427
-69760.691593
-69168.133353
-68545.185057
-67892.120406
-67209.226335
-66496.802881
-65755.163061
-64984.632724
-64185.550413
-63358.267219
-62503.146621
-61620.564328
-60710.908115
-59774.577656
-58811.984339
-57823.551095
-56809.712207
-55770.913120
-54707.610246
-53620.270764
-52509.372411
-51375.403279
-50218.861593
-49040.255497
-47840.102829
-46618.930895
-45377.276235
-44115.684388
-42834.709653
-41534.914847
-40216.871053
-38881.157374
-37528.360675
-36159.075329
-34773.902950
-33373.452136
-31958.338196
-30529.182880
-29086.614110
-27631.265700
-26163.777079
-24684.793010
-23194.963308
-21694.942551
-20185.389795
-18666.968286
-17140.345164
-15606.191174
-14065.180371
-12517.989820
-10965.299302
-9407.791015
-7846.149275
-6281.060211
-4713.211469
-3143.291907
-1571.991292
-0.000000
